0 0 1.58516 0 0 0 0 0.00114575 0.600561
-2.47263e-10 1.71639e-08 1.5852 0 0 -2.47044e-09 1.71488e-07 0.000381133 0.700649
-5.15061e-07 3.85326e-05 1.58243 0 0 -5.1417e-06 0.000384672 -0.0277184 0.800774
-5.89772e-07 0.000134463 1.55617 0 0 -7.4649e-07 0.000958502 -0.262358 0.900858
2.65761e-06 0.000220698 1.50647 0 0 3.24438e-05 0.000861555 -0.496554 1.00095
1.54657e-05 0.000335042 1.40582 0 0 0.000127969 0.00114244 -1.00558 1.10104
3.33143e-05 0.00041954 1.31943 0 0 0.000175808 0.000832305 -0.850938 1.20256
6.51395e-05 0.000520817 1.21322 0 0 0.00031792 0.00101171 -1.06098 1.30267
0.00010298 0.000608952 1.11727 0 0 0.000378052 0.00088052 -0.958614 1.40276
0.00404204 0.00768106 1.02132 0 0 0.0393567 0.0706601 -0.958708 1.50285
0.00829512 0.014063 0.944606 0 0 0.0424881 0.0637554 -0.766342 1.60295
0.0142822 0.0215557 0.848659 0 0 0.0598141 0.0748562 -0.958552 1.70304
0.0209556 0.0284367 0.752769 0 0 0.0666722 0.0687464 -0.958032 1.80313
0.0282608 0.03465 0.65683 0 0 0.0729882 0.0620783 -0.958542 1.90322
0.036127 0.0401346 0.560899 0 0 0.0785929 0.0547973 -0.958464 2.00331
0.0444905 0.0448445 0.464877 0 0 0.0835588 0.0470565 -0.959345 2.1034
0.0523803 0.0483832 0.37838 0 0 0.0788291 0.0353569 -0.864223 2.20349
0.0605369 0.0512244 0.291979 0 0 0.0814927 0.0283857 -0.863218 2.30358
0.0730431 0.0542378 0.195974 0 0 0.124939 0.030105 -0.959122 2.40368
0.0939183 0.0572482 0.0904703 0 0 0.208539 0.0300732 -1.05396 2.50378
0.113085 0.0580631 -0.00552427 0 0 0.191449 0.00813917 -0.958858 2.60389
0.129957 0.0572048 -0.111222 0 0 0.168567 -0.00857509 -1.05601 2.70398
0.138491 0.0558764 -0.197614 0 0 0.0852605 -0.0132714 -0.863115 2.80408
0.148706 0.0532641 -0.303103 0 0 0.102058 -0.0260986 -1.05392 2.90417
0.15684 0.0503286 -0.389602 0 0 0.0812665 -0.0293292 -0.864235 3.00426
0.165528 0.0462641 -0.485556 0 0 0.0868068 -0.0406108 -0.958733 3.10434
0.181474 0.036631 -0.591224 0 0 0.159313 -0.0962431 -1.05572 3.20443
0.19686 0.0251957 -0.68711 0 0 0.153663 -0.11421 -0.957655 3.30456
0.212444 0.0109693 -0.792664 0 0 0.152281 -0.139015 -1.03143 3.40689
0.22736 -0.0058403 -0.88874 0 0 0.149018 -0.167936 -0.959841 3.50699
0.241051 -0.0243258 -0.986742 0 0 0.136779 -0.184665 -0.979019 3.60709
0.249991 -0.0392184 -1.07362 0 0 0.089219 -0.148632 -0.86704 3.70729
0.259061 -0.0582669 -1.17916 0.0102182 -0.127455 0.0905895 -0.190243 -1.05404 3.80742
0.267842 -0.0830468 -1.27514 0.0102182 -0.127455 0.0877261 -0.247579 -0.958962 3.90751
0.273699 -0.105308 -1.35189 0.0102182 -0.127455 0.0585108 -0.222378 -0.766677 4.00761
0.279246 -0.139397 -1.46707 0.0406117 -0.251653 0.0554245 -0.34059 -1.15087 4.1077
0.280979 -0.16914 -1.5487 0.0406117 -0.251653 0.0173089 -0.297171 -0.815551 4.20779
0.279906 -0.23017 -1.61902 0.0904041 -0.369423 -0.0107168 -0.609776 -0.702626 4.30787
0.275353 -0.296374 -1.65513 0.0904041 -0.369423 -0.0454947 -0.661469 -0.360793 4.40796
0.268342 -0.370656 -1.67046 0.158323 -0.477756 -0.07003 -0.742035 -0.153115 4.50806
0.258965 -0.462653 -1.67025 0.158323 -0.477756 -0.093696 -0.919196 0.00210583 4.60815
0.251217 -0.5479 -1.64703 0.242635 -0.573885 -0.0774077 -0.851678 0.231964 4.70824
0.247778 -0.610805 -1.59669 0.242635 -0.573885 -0.0343548 -0.628471 0.502935 4.80833
0.2481 -0.653069 -1.52093 0.242635 -0.573885 0.00321736 -0.422281 0.756967 4.90842
0.249697 -0.671901 -1.43571 0.341184 -0.655353 0.0159565 -0.188149 0.851447 5.00851
0.252012 -0.683841 -1.33013 0.341184 -0.655353 0.0231245 -0.119269 1.05461 5.10862
0.256246 -0.698605 -1.25312 0.341184 -0.655353 0.0422804 -0.147449 0.769066 5.20875
0.263873 -0.718248 -1.14772 0.341184 -0.655353 0.0761901 -0.196217 1.05293 5.30886
0.27258 -0.735345 -1.05175 0.341184 -0.655353 0.086935 -0.170695 0.958155 5.40902
0.286254 -0.756635 -0.955859 0.341184 -0.655353 0.136563 -0.212629 0.957698 5.50915
0.298391 -0.77265 -0.888098 0.341184 -0.655353 0.121259 -0.160011 0.677021 5.60923
0.315923 -0.791705 -0.762569 0.341184 -0.655353 0.175168 -0.190388 1.25417 5.70932
0.331962 -0.805483 -0.656799 0.451454 -0.72008 0.16024 -0.137643 1.05669 5.80942
0.347708 -0.816489 -0.568579 0.451454 -0.72008 0.157304 -0.109959 0.881349 5.90951
0.375223 -0.832092 -0.463094 0.451454 -0.72008 0.274711 -0.155774 1.05317 6.00967
0.400331 -0.843152 -0.357511 0.451454 -0.72008 0.250407 -0.110308 1.05299 6.10994
0.422661 -0.850181 -0.2615 0.451454 -0.72008 0.222942 -0.0701717 0.958585 6.2101
0.452958 -0.85678 -0.175016 0.451454 -0.72008 0.302713 -0.0659371 0.864102 6.31019
0.50564 -0.863227 -0.0686655 0.570628 -0.766413 0.525935 -0.0643618 1.06173 6.41036
0.561872 -0.864395 0.0173186 0.570628 -0.766413 0.561839 -0.0116672 0.859108 6.51044
0.649583 -0.859127 0.0984322 0.695661 -0.793167 0.876319 0.0526305 0.810405 6.61053
0.744374 -0.846213 0.17221 0.695661 -0.793167 0.946984 0.12901 0.737048 6.71063
0.847718 -0.823874 0.253564 0.82336 -0.799659 1.03247 0.223181 0.812783 6.81072
0.930677 -0.799451 0.316786 0.950461 -0.785723 0.828468 0.243901 0.631357 6.91086
1.01237 -0.770248 0.372604 0.950461 -0.785723 0.81627 0.291782 0.55771 7.01094
1.10068 -0.732712 0.427254 1.07372 -0.751716 0.882286 0.375024 0.546017 7.11103
1.18782 -0.690286 0.483349 1.18999 -0.698506 0.870557 0.42388 0.560435 7.21112
1.26906 -0.643805 0.55952 1.29629 -0.627453 0.811748 0.464395 0.761035 7.31121
1.32779 -0.603608 0.643829 1.29629 -0.627453 0.586187 0.401256 0.841595 7.41139
1.3735 -0.566556 0.720564 1.38991 -0.540371 0.456691 0.37016 0.766597 7.51149
1.41286 -0.528624 0.818699 1.38991 -0.540371 0.393242 0.378966 0.980448 7.61158
1.44402 -0.49192 0.915034 1.46847 -0.439484 0.311357 0.366722 0.962509 7.71167
1.46626 -0.460592 0.991892 1.46847 -0.439484 0.222212 0.313022 0.767942 7.81175
1.49058 -0.419166 1.088 1.46847 -0.439484 0.24298 0.413895 0.960258 7.91184
1.51523 -0.365259 1.1859 1.52995 -0.327371 0.246239 0.538589 0.97811 8.01193
1.54138 -0.292736 1.25947 1.52995 -0.327371 0.26126 0.724587 0.735097 8.11202
1.56536 -0.210502 1.31035 1.57278 -0.206895 0.2396 0.821445 0.508196 8.21212
1.58698 -0.121913 1.35024 1.57278 -0.206895 0.21601 0.885066 0.398571 8.31222
1.60868 -0.0184819 1.37503 1.6 0 0.216714 1.03309 0.247562 8.41234
1.62494 0.0663924 1.38493 1.61022 0.127455 0.162474 0.847963 0.0989076 8.51243
1.64494 0.169974 1.37201 1.61022 0.127455 0.199764 1.03489 -0.129044 8.61252
1.66482 0.263845 1.34877 1.64061 0.251653 0.198688 0.937883 -0.232182 8.7126
1.67975 0.325368 1.31305 1.6904 0.369423 0.14911 0.614692 -0.356956 8.81269
1.69971 0.391481 1.23493 1.6904 0.369423 0.199461 0.66049 -0.780418 8.91279
1.7185 0.438274 1.13942 1.75832 0.477756 0.187672 0.467392 -0.954037 9.0129
1.74307 0.48499 1.0338 1.75832 0.477756 0.245474 0.466727 -1.05518 9.113
1.76121 0.513247 0.966636 1.75832 0.477756 0.181189 0.282321 -0.671054 9.21309
1.77824 0.536461 0.909045 1.75832 0.477756 0.170154 0.231926 -0.575377 9.31318
1.80956 0.572918 0.812876 1.84263 0.573885 0.312949 0.364212 -0.960762 9.41327
1.83755 0.600265 0.735981 1.84263 0.573885 0.279538 0.273178 -0.76813 9.51338
1.88809 0.64157 0.640098 1.94118 0.655353 0.504774 0.412532 -0.957611 9.61351
1.93872 0.676339 0.5633 1.94118 0.655353 0.505718 0.347244 -0.767014 9.71364
2.0124 0.717596 0.457702 2.05145 0.72008 0.736041 0.412193 -1.05499 9.81373
2.0828 0.748171 0.361723 2.05145 0.72008 0.703341 0.305455 -0.958879 9.91382
2.14102 0.76768 0.284954 2.17063 0.766413 0.581621 0.194902 -0.766949 10.0139
2.19305 0.781043 0.217786 2.17063 0.766413 0.519552 0.133423 -0.670643 10.1141
2.26111 0.793047 0.131372 2.29566 0.793167 0.679941 0.119925 -0.863297 10.2142
2.35418 0.800545 0.0363701 2.29566 0.793167 0.929802 0.0749091 -0.949119 10.3143
2.43305 0.799878 -0.0569197 2.42336 0.799659 0.787988 -0.00666579 -0.93201 10.4144
2.50175 0.79298 -0.143243 2.55046 0.785723 0.686283 -0.0689148 -0.862395 10.5145
2.58445 0.776562 -0.248685 2.55046 0.785723 0.822515 -0.163279 -1.04869 10.615
2.65786 0.754122 -0.344673 2.67372 0.751716 0.733385 -0.224198 -0.958978 10.7151
2.73596 0.721316 -0.450617 2.78999 0.698506 0.780327 -0.327753 -1.05845 10.8152
2.80335 0.684623 -0.546569 2.78999 0.698506 0.673276 -0.366583 -0.95862 10.9153
2.86071 0.646243 -0.632863 2.89629 0.627453 0.573041 -0.383446 -0.86214 11.0154
2.92029 0.597985 -0.728739 2.89629 0.627453 0.59515 -0.482062 -0.957735 11.1155
2.98022 0.538515 -0.834326 2.98991 0.540371 0.598789 -0.594177 -1.05494 11.2156
