0 0 0.751205 0 0 0 0 0.000853964 0.400378
0.000168628 0.00015743 0.750929 0 0 0.00168488 0.00157299 -0.00276395 0.500462
0.00717911 0.00659122 0.729942 0 0 0.0700444 0.0642825 -0.209688 0.600548
0.0137289 0.012222 0.686011 0 0 0.0654325 0.056252 -0.438875 0.700647
0.0205854 0.0174644 0.616156 0 0 0.068504 0.0523771 -0.697922 0.800737
0.0287467 0.0226766 0.519967 0 0 0.0815397 0.0520748 -0.961029 0.900827
0.0379134 0.0273251 0.424045 0 0 0.0915866 0.0464449 -0.958376 1.00091
0.0572998 0.034857 0.318466 0 0 0.193696 0.075253 -1.05488 1.101
0.0759316 0.0400158 0.221764 0 0 0.186144 0.0515398 -0.966113 1.2011
0.0910274 0.0428154 0.144978 0 0 0.150828 0.0279716 -0.767196 1.30118
0.112058 0.0447589 0.0393247 0 0 0.210132 0.0194193 -1.05566 1.40126
0.133197 0.0444723 -0.0664344 0 0 0.211204 -0.00286321 -1.05665 1.50135
0.146556 0.043132 -0.133571 0 0 0.133462 -0.0133911 -0.670752 1.60145
0.165424 0.0396683 -0.229528 0.10605 -0.10605 0.188512 -0.0346052 -0.958692 1.70154
0.180224 0.0356057 -0.306282 0.10605 -0.10605 0.147865 -0.0405895 -0.766843 1.80163
0.203085 0.0272246 -0.392589 0.10605 -0.10605 0.228398 -0.0837348 -0.86229 1.90172
0.229143 0.0149367 -0.488662 0.10605 -0.10605 0.260351 -0.122767 -0.959853 2.00181
0.246673 0.00484456 -0.556099 0.10605 -0.10605 0.175113 -0.100817 -0.673672 2.10191
0.270389 -0.0115252 -0.652192 0.10605 -0.10605 0.236911 -0.163525 -0.959928 2.20202
0.28598 -0.0242831 -0.719359 0.10605 -0.10605 0.155771 -0.127461 -0.671043 2.30211
0.30864 -0.0463482 -0.824835 0.2121 -0.2121 0.226393 -0.220449 -1.0538 2.4022
0.32538 -0.0661096 -0.911189 0.2121 -0.2121 0.16724 -0.197435 -0.862758 2.50229
0.343807 -0.0927061 -1.01594 0.2121 -0.2121 0.184112 -0.265724 -1.0466 2.60238
0.366836 -0.13371 -1.09011 0.2121 -0.2121 0.230078 -0.40967 -0.740992 2.70247
0.395892 -0.193002 -1.13502 0.31815 -0.31815 0.290305 -0.592388 -0.448662 2.80256
0.42633 -0.260406 -1.15273 0.31815 -0.31815 0.304106 -0.673444 -0.176974 2.90265
0.445556 -0.303397 -1.14517 0.4242 -0.4242 0.19209 -0.42952 0.0755203 3.00274
0.480107 -0.376224 -1.10887 0.4242 -0.4242 0.345191 -0.727621 0.362686 3.10283
0.504825 -0.423988 -1.07438 0.4242 -0.4242 0.246973 -0.477225 0.344562 3.20292
0.539151 -0.483571 -1.02322 0.53025 -0.53025 0.342974 -0.595336 0.511212 3.303
0.571398 -0.534692 -0.993561 0.53025 -0.53025 0.322184 -0.510756 0.296318 3.40309
0.605079 -0.58482 -0.964802 0.6363 -0.6363 0.336315 -0.500546 0.287171 3.50324
0.648364 -0.644986 -0.929505 0.6363 -0.6363 0.432464 -0.601126 0.35265 3.60333
0.689517 -0.698222 -0.89329 0.74235 -0.74235 0.410987 -0.531658 0.361675 3.70346
0.719739 -0.734255 -0.849303 0.74235 -0.74235 0.301952 -0.360007 0.439476 3.80355
0.751653 -0.768545 -0.792217 0.74235 -0.74235 0.318853 -0.342589 0.57035 3.90364
0.800778 -0.814404 -0.714269 0.8484 -0.8484 0.490758 -0.458131 0.77869 4.00374
0.833781 -0.842219 -0.691194 0.8484 -0.8484 0.329425 -0.277646 0.230331 4.10392
0.868142 -0.870522 -0.68595 0.8484 -0.8484 0.343301 -0.282768 0.0523939 4.20401
0.886708 -0.885436 -0.658654 0.8484 -0.8484 0.18549 -0.149004 0.272722 4.3041
0.896321 -0.892457 -0.607348 0.8484 -0.8484 0.0960437 -0.0701495 0.512588 4.40419
0.910839 -0.901788 -0.531202 0.95445 -0.95445 0.145049 -0.0932254 0.760776 4.50428
0.927812 -0.910695 -0.435326 0.95445 -0.95445 0.169587 -0.0889928 0.957957 4.60436
0.943756 -0.917289 -0.34903 0.95445 -0.95445 0.1593 -0.0658861 0.862203 4.70445
0.962065 -0.922974 -0.253134 0.95445 -0.95445 0.182922 -0.0568009 0.958058 4.80455
0.980847 -0.926883 -0.157174 0.95445 -0.95445 0.187649 -0.0390461 0.958714 4.90464
1.00182 -0.929081 -0.0516717 0.95445 -0.95445 0.209557 -0.0219627 1.05403 5.00473
1.01908 -0.929228 0.0346237 0.95445 -0.95445 0.172453 -0.00147047 0.862269 5.10481
1.03819 -0.927646 0.130554 1.0605 -0.8484 0.190703 0.015786 0.957225 5.20503
1.05711 -0.92423 0.226719 1.0605 -0.8484 0.189025 0.0341305 0.960795 5.30512
1.07558 -0.919026 0.322684 1.0605 -0.8484 0.184489 0.0519934 0.958739 5.40521
1.10107 -0.909055 0.419067 1.0605 -0.8484 0.254648 0.0996203 0.96295 5.50531
1.12931 -0.894639 0.524816 1.0605 -0.8484 0.282183 0.14403 1.05654 5.6054
1.15348 -0.879051 0.620725 1.0605 -0.8484 0.241504 0.155741 0.958248 5.70548
1.17823 -0.859302 0.726313 1.16655 -0.74235 0.247258 0.197311 1.05494 5.80557
1.1988 -0.839189 0.822237 1.16655 -0.74235 0.205483 0.200961 0.95842 5.90566
1.22144 -0.812224 0.910463 1.16655 -0.74235 0.226225 0.269416 0.881486 6.00574
1.2503 -0.772424 0.969066 1.16655 -0.74235 0.288299 0.397619 0.585473 6.10584
1.28703 -0.716361 1.00842 1.2726 -0.6363 0.367033 0.560234 0.393291 6.20591
1.3153 -0.670681 1.02161 1.2726 -0.6363 0.282477 0.456412 0.131776 6.306
1.34519 -0.62246 1.00723 1.2726 -0.6363 0.298704 0.481782 -0.143699 6.40608
1.37831 -0.571665 0.978554 1.37865 -0.53025 0.330882 0.50745 -0.286474 6.50618
1.42059 -0.51115 0.943399 1.37865 -0.53025 0.422406 0.604604 -0.351231 6.60627
1.45676 -0.46275 0.914625 1.4847 -0.4242 0.361381 0.483571 -0.287482 6.70636
1.49435 -0.415363 0.885822 1.4847 -0.4242 0.375525 0.473439 -0.287768 6.80645
1.53312 -0.369018 0.864703 1.4847 -0.4242 0.387292 0.463011 -0.210996 6.90655
1.58166 -0.313329 0.842974 1.59075 -0.31815 0.484998 0.556381 -0.217089 7.00664
1.62225 -0.268577 0.825203 1.59075 -0.31815 0.405578 0.447127 -0.177551 7.10673
1.66355 -0.224453 0.812781 1.6968 -0.2121 0.412625 0.440845 -0.124112 7.20682
1.7147 -0.17115 0.799349 1.6968 -0.2121 0.51099 0.532559 -0.134196 7.30691
1.76234 -0.123259 0.773273 1.80285 -0.10605 0.475992 0.478483 -0.260533 7.40699
1.8162 -0.0726842 0.730417 1.80285 -0.10605 0.538156 0.505305 -0.428188 7.50708
1.8578 -0.0375023 0.664609 1.9089 0 0.41552 0.351466 -0.657412 7.60718
1.88475 -0.018101 0.573319 1.9089 0 0.269252 0.193826 -0.912026 7.70728
1.90264 -0.00766501 0.477391 1.9089 0 0.178765 0.104267 -0.958432 7.80737
1.92482 0.00237576 0.381479 1.9089 0 0.22165 0.100319 -0.958274 7.90746
1.94924 0.010968 0.295158 1.9089 0 0.243999 0.0858503 -0.862479 8.00754
1.97713 0.0180064 0.199239 1.9089 0 0.278651 0.0703204 -0.958336 8.10763
1.99984 0.0216909 0.122555 2.01495 0.10605 0.226821 0.0368133 -0.76616 8.20772
2.02278 0.0236267 0.045785 2.01495 0.10605 0.229259 0.019342 -0.767064 8.3078
2.05154 0.0235644 -0.0501162 2.121 9.71445e-17 0.287348 -0.00062334 -0.958134 8.40789
2.08019 0.020745 -0.146096 2.121 9.71445e-17 0.285988 -0.0281484 -0.958276 8.50805
2.10844 0.0151921 -0.242097 2.121 9.71445e-17 0.282237 -0.05548 -0.959154 8.60814
2.13528 0.00725296 -0.328531 2.121 9.71445e-17 0.268143 -0.0793168 -0.863524 8.70824
2.17825 -0.00980216 -0.424431 2.121 9.71445e-17 0.429369 -0.170388 -0.958088 8.80833
2.21792 -0.0299524 -0.52034 2.22705 -0.10605 0.396278 -0.201312 -0.958185 8.90843
2.24305 -0.045965 -0.616624 2.22705 -0.10605 0.25109 -0.15998 -0.961959 9.00852
2.26638 -0.0641483 -0.698544 2.22705 -0.10605 0.233098 -0.181674 -0.818489 9.1086
2.30743 -0.101263 -0.762788 2.22705 -0.10605 0.410065 -0.370801 -0.641836 9.2087
2.35253 -0.146276 -0.808627 2.3331 -0.2121 0.450609 -0.449704 -0.457961 9.30879
2.38644 -0.184072 -0.867805 2.3331 -0.2121 0.338777 -0.377605 -0.591215 9.40889
2.42434 -0.230404 -0.898503 2.43915 -0.31815 0.378651 -0.46288 -0.306695 9.50898
2.46993 -0.288501 -0.909129 2.43915 -0.31815 0.455105 -0.579959 -0.10607 9.60916
2.50292 -0.330947 -0.908869 2.43915 -0.31815 0.32965 -0.424097 0.00260189 9.70924
2.54444 -0.383739 -0.898715 2.5452 -0.4242 0.414804 -0.527425 0.101443 9.80934
2.58661 -0.435969 -0.882666 2.5452 -0.4242 0.421281 -0.521828 0.160341 9.90943
2.62985 -0.487617 -0.866725 2.65125 -0.53025 0.432014 -0.516013 0.159273 10.0095
2.67804 -0.543598 -0.853294 2.65125 -0.53025 0.48149 -0.559289 0.134179 10.1096
2.72239 -0.593997 -0.844353 2.7573 -0.6363 0.443086 -0.503545 0.089338 10.2097
2.75392 -0.62918 -0.835763 2.7573 -0.6363 0.315044 -0.351512 0.0858208 10.3098
2.79492 -0.673594 -0.813875 2.7573 -0.6363 0.409471 -0.44365 0.21863 10.4099
2.83678 -0.717248 -0.797967 2.86335 -0.74235 0.418077 -0.435892 0.158844 10.51
2.8696 -0.750645 -0.790452 2.86335 -0.74235 0.327812 -0.333678 0.0750903 10.6101
2.91559 -0.79595 -0.757518 2.86335 -0.74235 0.459293 -0.452388 0.328857 10.7103
2.94228 -0.819947 -0.703709 2.9694 -0.8484 0.266606 -0.239745 0.537579 10.8104
2.97476 -0.84549 -0.618118 2.9694 -0.8484 0.324569 -0.255186 0.855112 10.9105
2.99497 -0.858431 -0.512539 2.9694 -0.8484 0.201844 -0.129294 1.05486 11.0106
3.00863 -0.86544 -0.435757 2.9694 -0.8484 0.136479 -0.0700379 0.767171 11.1106
3.02466 -0.872074 -0.348993 2.9694 -0.8484 0.160164 -0.0662818 0.866968 11.2107
3.04111 -0.877268 -0.262714 2.9694 -0.8484 0.164357 -0.0518977 0.86205 11.3108
3.05986 -0.881357 -0.166717 3.07545 -0.95445 0.18734 -0.0408533 0.959081 11.4109
3.08011 -0.883902 -0.0895908 3.07545 -0.95445 0.202316 -0.0254262 0.770564 11.511
3.09888 -0.884822 -0.00331169 3.07545 -0.95445 0.187358 -0.00918551 0.861211 11.6112
3.11941 -0.883855 0.0925836 3.1815 -0.8484 0.205095 0.00966712 0.958052 11.7113
3.14502 -0.880354 0.178913 3.1815 -0.8484 0.25591 0.0349695 0.862504 11.8114
3.17306 -0.873881 0.274874 3.1815 -0.8484 0.280161 0.0646792 0.958778 11.9114
3.19494 -0.866795 0.351551 3.1815 -0.8484 0.218588 0.0707934 0.766065 12.0115
3.2215 -0.855577 0.447695 3.1815 -0.8484 0.265374 0.112081 0.960602 12.1116
3.24733 -0.841674 0.534007 3.1815 -0.8484 0.258027 0.138909 0.862335 12.2117
3.29427 -0.810082 0.649091 3.28755 -0.74235 0.468753 0.315444 1.14913 12.3119
3.3321 -0.778356 0.743455 3.28755 -0.74235 0.377568 0.316678 0.941905 12.412
3.37325 -0.73772 0.80828 3.28755 -0.74235 0.411092 0.405962 0.647611 12.5121
3.42289 -0.683059 0.853784 3.3936 -0.6363 0.495953 0.546094 0.454612 12.6122
3.46198 -0.636947 0.879257 3.3936 -0.6363 0.390519 0.460697 0.254494 12.7123
3.50879 -0.579848 0.887028 3.49965 -0.53025 0.467646 0.570455 0.0776333 12.8124
3.53843 -0.543394 0.887412 3.49965 -0.53025 0.296191 0.364228 0.00383519 12.9125
3.58531 -0.486301 0.879111 3.6057 -0.4242 0.468442 0.570437 -0.0829345 13.0126
3.62403 -0.439879 0.872319 3.6057 -0.4242 0.386749 0.463778 -0.0678507 13.1127
3.65873 -0.398882 0.863676 3.6057 -0.4242 0.346665 0.409566 -0.0863506 13.2128
3.70259 -0.34808 0.854546 3.71175 -0.31815 0.438207 0.507553 -0.0912141 13.3129
3.73799 -0.307659 0.848509 3.71175 -0.31815 0.35366 0.403824 -0.0603129 13.413
