0 0 -3.14379 0 0 0 0 0 2.38419e-07
-0.00831557 -5.99724e-05 -3.15382 0 0 -0.083068 -0.000599092 -0.100206 0.100106
-0.0343934 -0.00087362 -3.19678 0 0 -0.260533 -0.00812883 -0.429272 0.2002
-0.053527 -0.00240422 -3.24895 0 0 -0.191167 -0.0152925 -0.521224 0.300288
-0.0796065 -0.00646557 -3.34669 0 0 -0.26055 -0.0405752 -0.976488 0.400382
-0.105127 -0.0131672 -3.45012 0 0 -0.254975 -0.0669547 -1.03333 0.500474
-0.127636 -0.021529 -3.54443 0 0 -0.224892 -0.0835467 -0.942288 0.600559
-0.15125 -0.0330665 -3.64775 0 0 -0.235923 -0.115265 -1.03223 0.700654
-0.169351 -0.0441082 -3.73098 0 0 -0.180846 -0.110321 -0.831583 0.800742
-0.190369 -0.0597805 -3.83369 0 0 -0.20995 -0.156551 -1.0259 0.900851
-0.20775 -0.0755979 -3.92589 0 0 -0.173672 -0.158041 -0.921321 1.00093
-0.222179 -0.0912539 -4.00956 0.0102182 -0.127455 -0.144168 -0.15643 -0.835978 1.10102
-0.235258 -0.108069 -4.09305 0.0102182 -0.127455 -0.130617 -0.16793 -0.833794 1.20115
-0.248117 -0.128008 -4.18607 0.0102182 -0.127455 -0.128478 -0.199225 -0.929474 1.30123
-0.260148 -0.15139 -1.99532 0.0102182 -0.127455 -0.12021 -0.233621 21.8885 1.40132
-0.269781 -0.175949 -1.89389 0.0102182 -0.127455 -0.0962462 -0.245377 1.01342 1.50141
-0.2766 -0.20006 -1.79919 0.0102182 -0.127455 -0.0681168 -0.240846 0.946056 1.60151
-0.280749 -0.22203 -1.71612 0.0102182 -0.127455 -0.0414545 -0.219521 0.830016 1.70159
-0.283367 -0.249354 -1.61702 0.0102182 -0.127455 -0.0261651 -0.273016 0.990185 1.80168
-0.283655 -0.264358 -1.56334 0.0102182 -0.127455 -0.00287288 -0.149917 0.536335 1.90176
-0.281911 -0.294072 -1.46202 0.0406117 -0.251653 0.0174208 -0.296882 1.01228 2.00185
-0.27764 -0.321571 -1.37218 0.0406117 -0.251653 0.0426808 -0.274748 0.897609 2.10194
-0.270937 -0.348638 -1.28389 0.0406117 -0.251653 0.0669659 -0.27043 0.882087 2.20203
-0.261896 -0.374959 -1.19645 0.0406117 -0.251653 0.0903283 -0.262977 0.873716 2.30211
-0.249492 -0.402807 -1.10821 0.0406117 -0.251653 0.123931 -0.278234 0.881564 2.4022
-0.236248 -0.427067 -1.03487 0.0406117 -0.251653 0.132335 -0.242406 0.732869 2.50228
-0.214964 -0.459279 -0.942622 0.0904041 -0.369423 0.212477 -0.321565 0.920863 2.60245
-0.175036 -0.50837 -0.837853 0.0904041 -0.369423 0.398957 -0.490521 1.04685 2.70253
-0.127283 -0.556137 -0.733215 0.0904041 -0.369423 0.47495 -0.475079 1.04072 2.80308
-0.0842916 -0.591626 -0.64689 0.158323 -0.477756 0.429522 -0.354574 0.862468 2.90317
-0.0283917 -0.629541 -0.547256 0.158323 -0.477756 0.558426 -0.378764 0.995315 3.00327
0.0253008 -0.659361 -0.467572 0.158323 -0.477756 0.536354 -0.297874 0.795989 3.10338
0.0836084 -0.68566 -0.383147 0.242635 -0.573885 0.582567 -0.262766 0.843515 3.20346
0.166686 -0.715176 -0.303396 0.242635 -0.573885 0.829822 -0.294818 0.796597 3.30358
0.226287 -0.732297 -0.257834 0.341184 -0.655353 0.59515 -0.170965 0.454963 3.40372
0.283805 -0.746391 -0.224475 0.341184 -0.655353 0.574554 -0.140782 0.333221 3.50383
0.337793 -0.758057 -0.200921 0.341184 -0.655353 0.538645 -0.116395 0.23501 3.60406
0.393838 -0.768544 -0.17005 0.451454 -0.72008 0.559952 -0.104775 0.308427 3.70415
0.447173 -0.777021 -0.147664 0.451454 -0.72008 0.532743 -0.0846743 0.223606 3.80427
0.480903 -0.781791 -0.132319 0.451454 -0.72008 0.33695 -0.0476579 0.153298 3.90437
0.515796 -0.786117 -0.113547 0.570628 -0.766413 0.348364 -0.0431808 0.187415 4.00453
0.561233 -0.790564 -0.0824141 0.570628 -0.766413 0.453941 -0.0444343 0.311028 4.10463
0.594169 -0.792996 -0.0646333 0.570628 -0.766413 0.32904 -0.0242969 0.17764 4.20472
0.624834 -0.794723 -0.0477929 0.570628 -0.766413 0.306381 -0.0172515 0.168253 4.30481
0.653825 -0.795875 -0.0310974 0.695661 -0.793167 0.289668 -0.0115108 0.166816 4.40489
0.692219 -0.796535 -0.00420035 0.695661 -0.793167 0.383575 -0.0065968 0.268717 4.50499
0.721747 -0.796354 0.0165152 0.695661 -0.793167 0.295001 0.00181201 0.206955 4.60509
0.755579 -0.795407 0.0395183 0.695661 -0.793167 0.337999 0.00946223 0.229813 4.70518
0.790631 -0.793593 0.0652538 0.82336 -0.799659 0.350217 0.0181191 0.257134 4.80527
0.82499 -0.790829 0.0943595 0.82336 -0.799659 0.343299 0.0276158 0.29081 4.90535
0.856087 -0.787461 0.121578 0.82336 -0.799659 0.31057 0.0336423 0.271837 5.00548
0.883496 -0.78378 0.14519 0.82336 -0.799659 0.27385 0.0367743 0.235918 5.10557
0.917127 -0.77837 0.175057 0.950461 -0.785723 0.336031 0.0540586 0.298414 5.20565
0.951078 -0.771748 0.209635 0.950461 -0.785723 0.339203 0.0661556 0.345474 5.30574
0.98069 -0.764967 0.240452 0.950461 -0.785723 0.295834 0.0677484 0.307864 5.40584
1.01045 -0.757193 0.270434 1.07372 -0.751716 0.297361 0.077666 0.299562 5.50593
1.04486 -0.746971 0.308421 1.07372 -0.751716 0.343795 0.102133 0.379518 5.60602
1.07105 -0.738162 0.340456 1.07372 -0.751716 0.261474 0.0879504 0.319866 5.70617
1.09982 -0.727401 0.37554 1.07372 -0.751716 0.287427 0.107519 0.350547 5.80625
1.13102 -0.714411 0.413071 1.18999 -0.698506 0.310198 0.129135 0.373089 5.90685
1.16444 -0.698947 0.454939 1.18999 -0.698506 0.333889 0.154479 0.418256 6.00695
1.1878 -0.687042 0.488034 1.18999 -0.698506 0.233308 0.118934 0.33062 6.10705
1.2246 -0.666244 0.540548 1.18999 -0.698506 0.367712 0.2078 0.524673 6.20714
1.27888 -0.630714 0.619266 1.29629 -0.627453 0.542355 0.355002 0.786517 6.30722
1.31499 -0.603344 0.678199 1.29629 -0.627453 0.360769 0.273442 0.58878 6.40732
1.33623 -0.585636 0.711897 1.29629 -0.627453 0.212096 0.176851 0.336549 6.50744
1.36281 -0.56166 0.755832 1.38991 -0.540371 0.265701 0.239636 0.43913 6.60749
1.38737 -0.537426 0.802034 1.38991 -0.540371 0.245337 0.242139 0.461635 6.70758
1.40829 -0.514867 0.843413 1.38991 -0.540371 0.20904 0.225392 0.41343 6.80766
1.43081 -0.488388 0.887983 1.46847 -0.439484 0.225007 0.264536 0.445261 6.90776
1.4508 -0.462812 0.927147 1.46847 -0.439484 0.19966 0.255518 0.391271 7.00786
1.46929 -0.437102 0.967149 1.46847 -0.439484 0.184796 0.256876 0.399665 7.10795
1.48187 -0.41831 0.994617 1.46847 -0.439484 0.125642 0.187714 0.274374 7.20806
1.49646 -0.395022 1.02743 1.46847 -0.439484 0.145699 0.232582 0.327678 7.30818
1.50972 -0.372271 1.05888 1.52995 -0.327371 0.13248 0.227301 0.314294 7.40827
1.52808 -0.33775 1.10492 1.52995 -0.327371 0.183425 0.344937 0.459981 7.50835
1.54259 -0.307472 1.14215 1.52995 -0.327371 0.145022 0.302487 0.371943 7.60845
1.55173 -0.286892 1.16381 1.52995 -0.327371 0.0912396 0.205605 0.216402 7.70854
1.56226 -0.261561 1.18954 1.57278 -0.206895 0.105286 0.253188 0.257165 7.80859
1.57559 -0.226408 1.22768 1.57278 -0.206895 0.13321 0.351192 0.381008 7.90869
1.59142 -0.178873 1.26953 1.57278 -0.206895 0.158073 0.474899 0.418172 8.00878
1.60088 -0.147246 1.29006 1.57278 -0.206895 0.0945878 0.315997 0.205123 8.10887
1.61039 -0.113035 1.30693 1.57278 -0.206895 0.09501 0.341805 0.16854 8.20896
1.61888 -0.0809246 1.31905 1.6 0 0.0848218 0.320838 0.121107 8.30904
1.63149 -0.0294497 1.34006 1.6 0 0.125973 0.514345 0.209904 8.40912
1.64185 0.0159628 1.35021 1.6 0 0.103073 0.451688 0.100982 8.50966
1.6478 0.0427248 1.35399 1.6 0 0.0594014 0.267242 0.037724 8.6098
1.65504 0.0759522 1.35826 1.61022 0.127455 0.0722996 0.332007 0.042713 8.70988
1.66194 0.107258 1.34738 1.61022 0.127455 0.0689936 0.312785 -0.108779 8.80997
1.66964 0.140084 1.33415 1.61022 0.127455 0.0769107 0.327975 -0.132134 8.91006
1.67551 0.163954 1.32532 1.61022 0.127455 0.0586213 0.238491 -0.0882286 9.01014
1.68372 0.195928 1.31212 1.64061 0.251653 0.0820937 0.319458 -0.13187 9.11023
1.69391 0.232553 1.2852 1.64061 0.251653 0.10181 0.365917 -0.268951 9.21032
1.70294 0.261907 1.26014 1.64061 0.251653 0.0901377 0.293264 -0.250425 9.31042
1.71369 0.293941 1.23408 1.6904 0.369423 0.107396 0.320057 -0.260346 9.4105
1.72525 0.325462 1.20167 1.6904 0.369423 0.115506 0.314948 -0.323848 9.51059
1.73736 0.35507 1.16287 1.6904 0.369423 0.121086 0.295826 -0.387696 9.61068
1.74865 0.380106 1.13232 1.6904 0.369423 0.112756 0.250148 -0.305145 9.71076
1.76364 0.410646 1.09673 1.75832 0.477756 0.149816 0.305137 -0.355685 9.81085
1.78119 0.443191 1.05424 1.75832 0.477756 0.175354 0.325178 -0.424461 9.91093
1.79737 0.470408 1.01512 1.75832 0.477756 0.161578 0.271919 -0.390908 10.011
1.8224 0.508332 0.95939 1.84263 0.573885 0.25014 0.378895 -0.556765 10.1111
1.86183 0.559669 0.868631 1.84263 0.573885 0.393934 0.512885 -0.906739 10.2112
1.89247 0.593535 0.802919 1.84263 0.573885 0.306113 0.338371 -0.656551 10.3113
1.92763 0.627608 0.736386 1.94118 0.655353 0.351299 0.340446 -0.664781 10.4114
1.96149 0.656285 0.668035 1.94118 0.655353 0.33809 0.286377 -0.682566 10.5115
1.99684 0.682409 0.605754 1.94118 0.655353 0.353258 0.261032 -0.622302 10.6116
2.04481 0.713008 0.528909 2.05145 0.72008 0.479285 0.305705 -0.767747 10.7117
2.08007 0.732275 0.470784 2.05145 0.72008 0.352195 0.192455 -0.58062 10.8118
2.1195 0.750813 0.408832 2.17063 0.766413 0.393914 0.18522 -0.618968 10.9119
2.17005 0.770476 0.331763 2.17063 0.766413 0.505074 0.196463 -0.770037 11.012
2.20899 0.782578 0.272063 2.17063 0.766413 0.389038 0.120892 -0.596395 11.1121
2.25716 0.794253 0.204403 2.29566 0.793167 0.481131 0.116628 -0.675853 11.2122
2.3077 0.802853 0.131831 2.29566 0.793167 0.504985 0.0859288 -0.725146 11.3123
2.35447 0.807535 0.0684986 2.29566 0.793167 0.467342 0.046784 -0.632779 11.4123
2.41332 0.809304 -0.00993506 2.42336 0.799659 0.587963 0.0176663 -0.783601 11.5124
2.46431 0.80699 -0.0798509 2.42336 0.799659 0.5094 -0.0231102 -0.698481 11.6125
2.52395 0.799908 -0.156686 2.55046 0.785723 0.59577 -0.0707538 -0.767599 11.7126
2.57744 0.789449 -0.229652 2.55046 0.785723 0.534411 -0.104488 -0.728951 11.8127
2.62925 0.775456 -0.297111 2.67372 0.751716 0.517555 -0.139785 -0.673911 11.9128
2.68102 0.757603 -0.367301 2.67372 0.751716 0.517253 -0.17838 -0.701302 12.0129
2.71981 0.741473 -0.420421 2.67372 0.751716 0.387601 -0.161147 -0.530709 12.113
2.77809 0.712587 -0.500601 2.78999 0.698506 0.582267 -0.288624 -0.801131 12.2131
2.81799 0.689212 -0.559141 2.78999 0.698506 0.397295 -0.232742 -0.582863 12.3135
2.85819 0.662396 -0.61665 2.89629 0.627453 0.401586 -0.267908 -0.574547 12.4136
2.9029 0.628285 -0.686928 2.89629 0.627453 0.446732 -0.340821 -0.702201 12.5137
2.93047 0.604591 -0.732597 2.89629 0.627453 0.275459 -0.23674 -0.456297 12.6138
2.95291 0.583659 -0.768523 2.98991 0.540371 0.224215 -0.209138 -0.358934 12.7139
2.98228 0.553833 -0.818046 2.98991 0.540371 0.293402 -0.297969 -0.494768 12.814
