0 0 -0.778642 0 0 0 0 0 0.05
0.00524455 -0.00517705 -0.779171 0 0 0.0523938 -0.0517195 -0.00527577 0.150099
0.0291329 -0.0288136 -0.780713 0 0 0.23867 -0.236155 -0.0154107 0.250188
0.057367 -0.0568119 -0.781548 0.10605 -0.10605 0.282084 -0.279728 -0.00834062 0.350279
0.102286 -0.101451 -0.782823 0.10605 -0.10605 0.448806 -0.446008 -0.0127414 0.450366
0.127498 -0.126532 -0.783015 0.10605 -0.10605 0.251893 -0.250591 -0.00191403 0.550452
0.159367 -0.158281 -0.783791 0.10605 -0.10605 0.318317 -0.317119 -0.00775682 0.650569
0.197718 -0.196546 -0.784546 0.2121 -0.2121 0.383083 -0.382215 -0.007538 0.750683
0.227599 -0.226389 -0.784872 0.2121 -0.2121 0.298456 -0.298083 -0.00325711 0.850801
0.258471 -0.257251 -0.785439 0.2121 -0.2121 0.30842 -0.308317 -0.00566891 0.950897
0.306933 -0.305744 -0.78583 0.31815 -0.31815 0.484156 -0.484468 -0.00390153 1.05099
0.348584 -0.347428 -0.785919 0.31815 -0.31815 0.416145 -0.41647 -0.0008927 1.15108
0.397599 -0.396502 -0.786054 0.4242 -0.4242 0.489732 -0.490327 -0.00134949 1.25117
0.441238 -0.440203 -0.786167 0.4242 -0.4242 0.435996 -0.436618 -0.00112909 1.35126
0.476217 -0.47524 -0.786348 0.4242 -0.4242 0.349468 -0.350048 -0.00180912 1.45135
0.517582 -0.516691 -0.786527 0.53025 -0.53025 0.413284 -0.414143 -0.00178477 1.55144
0.544849 -0.544024 -0.786575 0.53025 -0.53025 0.272432 -0.273079 -0.000478191 1.65153
0.587214 -0.586495 -0.786565 0.6363 -0.6363 0.423053 -0.424115 0.000102376 1.75167
0.631781 -0.631117 -0.784756 0.6363 -0.6363 0.445276 -0.445826 0.0180675 1.85176
0.663357 -0.662612 -0.783041 0.6363 -0.6363 0.315476 -0.314674 0.0171398 1.95184
0.68125 -0.680331 -0.776685 0.6363 -0.6363 0.178768 -0.177028 0.0634982 2.05193
0.694671 -0.693383 -0.767251 0.74235 -0.74235 0.1341 -0.130415 0.094265 2.15202
0.71131 -0.709097 -0.745211 0.74235 -0.74235 0.166235 -0.156996 0.220192 2.25211
0.741772 -0.73593 -0.695476 0.74235 -0.74235 0.304316 -0.268052 0.496852 2.35221
0.766536 -0.755378 -0.631645 0.74235 -0.74235 0.24744 -0.194322 0.637797 2.45229
0.780982 -0.765467 -0.5885 0.74235 -0.74235 0.144339 -0.100805 0.431079 2.55238
0.796329 -0.775336 -0.554828 0.74235 -0.74235 0.153336 -0.0986136 0.336429 2.65246
0.81198 -0.784683 -0.521817 0.8484 -0.8484 0.156378 -0.0933833 0.32983 2.75255
0.832931 -0.796088 -0.473499 0.8484 -0.8484 0.209332 -0.113954 0.482763 2.85264
0.853424 -0.805734 -0.405888 0.8484 -0.8484 0.204742 -0.0963713 0.675519 2.95272
0.873077 -0.813461 -0.343393 0.8484 -0.8484 0.196254 -0.0771623 0.62407 3.05287
0.893188 -0.819949 -0.280847 0.8484 -0.8484 0.200944 -0.0648321 0.624954 3.15295
0.911661 -0.82472 -0.224801 0.8484 -0.8484 0.184582 -0.0476673 0.560006 3.25303
0.93453 -0.829222 -0.163739 0.8484 -0.8484 0.228513 -0.0449826 0.61014 3.35311
0.96281 -0.832814 -0.0888826 1.0605 -0.8484 0.282569 -0.0358985 0.747961 3.45319
0.993795 -0.83445 -0.0175917 1.0605 -0.8484 0.309591 -0.0163435 0.712308 3.55327
1.03751 -0.833118 0.0769396 1.0605 -0.8484 0.436772 0.0133057 0.944518 3.65336
1.06395 -0.830263 0.138464 1.0605 -0.8484 0.264208 0.0285301 0.614684 3.75345
1.09141 -0.825574 0.198054 1.0605 -0.8484 0.274328 0.0468516 0.59539 3.85353
1.11816 -0.819421 0.253951 1.0605 -0.8484 0.267254 0.0614659 0.558469 3.95362
1.13999 -0.813213 0.30003 1.16655 -0.74235 0.218137 0.0620383 0.460413 4.0537
1.17342 -0.801692 0.362091 1.16655 -0.74235 0.33405 0.115111 0.6201 4.15379
1.21187 -0.785524 0.432566 1.16655 -0.74235 0.384156 0.161546 0.704158 4.25387
1.25593 -0.763174 0.506792 1.16655 -0.74235 0.440181 0.223316 0.741641 4.35395
1.293 -0.740965 0.574251 1.2726 -0.6363 0.370365 0.22188 0.673949 4.45405
1.32307 -0.720279 0.629683 1.2726 -0.6363 0.300417 0.206652 0.553779 4.55415
1.36497 -0.687188 0.707517 1.2726 -0.6363 0.418376 0.330409 0.777154 4.6543
1.41476 -0.641102 0.780225 1.37865 -0.53025 0.494744 0.457982 0.722538 4.75493
1.46122 -0.592647 0.831574 1.37865 -0.53025 0.464048 0.483953 0.512862 4.85505
1.49116 -0.558862 0.858362 1.37865 -0.53025 0.299116 0.337532 0.267629 4.95514
1.51252 -0.533644 0.877173 1.4847 -0.4242 0.213463 0.251962 0.187944 5.05523
1.54517 -0.493435 0.898161 1.4847 -0.4242 0.326189 0.401734 0.209702 5.15532
1.57177 -0.459786 0.905705 1.4847 -0.4242 0.265737 0.336202 0.0753705 5.25541
1.58961 -0.436962 0.909025 1.4847 -0.4242 0.17831 0.228009 0.0331703 5.3555
1.61291 -0.406908 0.913107 1.59075 -0.31815 0.23271 0.300285 0.040782 5.45559
1.65371 -0.353833 0.916353 1.59075 -0.31815 0.407483 0.530035 0.0324112 5.55573
1.68258 -0.316145 0.918032 1.59075 -0.31815 0.288517 0.376576 0.0167842 5.65581
1.71573 -0.272712 0.918128 1.6968 -0.2121 0.331107 0.433923 0.000956951 5.7559
1.7463 -0.232846 0.915156 1.6968 -0.2121 0.305502 0.398295 -0.0296887 5.85599
1.76399 -0.209911 0.912219 1.6968 -0.2121 0.176734 0.229154 -0.0293506 5.95608
1.77696 -0.193253 0.907293 1.6968 -0.2121 0.129598 0.166435 -0.0492194 6.05617
1.79014 -0.176522 0.896236 1.80285 -0.10605 0.131567 0.167059 -0.1104 6.15631
1.80802 -0.15488 0.860042 1.80285 -0.10605 0.178632 0.216246 -0.361638 6.2564
1.83133 -0.129465 0.796145 1.80285 -0.10605 0.232874 0.253925 -0.638407 6.35649
1.85864 -0.103876 0.706201 1.80285 -0.10605 0.272875 0.255668 -0.898683 6.45657
1.87932 -0.0875203 0.625422 1.80285 -0.10605 0.206682 0.16341 -0.807058 6.55666
1.89891 -0.0744387 0.556665 1.9089 0 0.195676 0.130673 -0.686812 6.65677
1.91691 -0.0639854 0.493557 1.9089 0 0.179672 0.104381 -0.630164 6.75692
1.93484 -0.0550522 0.431638 1.9089 0 0.179164 0.0892609 -0.618695 6.857
1.95632 -0.0460404 0.362633 1.9089 0 0.214622 0.0900375 -0.689439 6.95709
1.97628 -0.0391702 0.299961 1.9089 0 0.199341 0.0685987 -0.625776 7.05724
1.99667 -0.0335575 0.237107 1.9089 0 0.203735 0.0560766 -0.627972 7.15733
2.01851 -0.0290311 0.173246 2.121 9.71445e-17 0.218069 0.0452083 -0.637827 7.25745
2.05719 -0.02407 0.0837431 2.121 9.71445e-17 0.38646 0.0495697 -0.89429 7.35753
2.09774 -0.0225797 -0.00961803 2.121 9.71445e-17 0.405174 0.0148911 -0.932845 7.45761
2.13269 -0.02434 -0.0892521 2.121 9.71445e-17 0.349276 -0.0175874 -0.795634 7.5577
2.16389 -0.0283512 -0.171328 2.121 9.71445e-17 0.311635 -0.0400713 -0.819938 7.6578
2.18671 -0.0329538 -0.22358 2.121 9.71445e-17 0.22774 -0.0459395 -0.521524 7.75799
2.21796 -0.0411223 -0.285618 2.22705 -0.10605 0.312271 -0.081606 -0.619786 7.85809
2.26181 -0.0559025 -0.367049 2.22705 -0.10605 0.438046 -0.14768 -0.81364 7.95817
2.30111 -0.0728656 -0.448826 2.22705 -0.10605 0.392732 -0.169493 -0.817106 8.05825
2.33275 -0.0893579 -0.509276 2.22705 -0.10605 0.316163 -0.164787 -0.603993 8.15834
2.35806 -0.10428 -0.554718 2.3331 -0.2121 0.252904 -0.149095 -0.45403 8.25842
2.39832 -0.131144 -0.621954 2.3331 -0.2121 0.40222 -0.268404 -0.67177 8.35851
2.43902 -0.162385 -0.685218 2.3331 -0.2121 0.406465 -0.312015 -0.631848 8.45864
2.47606 -0.194371 -0.73952 2.43915 -0.31815 0.370016 -0.319572 -0.542518 8.55873
2.5198 -0.236941 -0.802009 2.43915 -0.31815 0.437039 -0.42533 -0.624364 8.65881
2.55371 -0.273558 -0.844309 2.43915 -0.31815 0.338864 -0.365873 -0.422652 8.7589
2.57587 -0.29909 -0.867669 2.5452 -0.4242 0.221356 -0.255096 -0.233402 8.85898
2.60711 -0.336965 -0.894114 2.5452 -0.4242 0.312128 -0.378389 -0.264192 8.95908
2.64359 -0.383488 -0.914521 2.5452 -0.4242 0.364453 -0.464724 -0.203843 9.05919
2.66778 -0.415236 -0.923395 2.65125 -0.53025 0.241596 -0.317081 -0.0886347 9.15931
2.70695 -0.467422 -0.929506 2.65125 -0.53025 0.391193 -0.521176 -0.0610277 9.25944
2.73646 -0.507005 -0.930919 2.65125 -0.53025 0.294737 -0.395364 -0.0141097 9.35956
2.75576 -0.532987 -0.933529 2.7573 -0.6363 0.192734 -0.259502 -0.0260687 9.45969
2.78369 -0.570707 -0.9318 2.7573 -0.6363 0.279087 -0.37685 0.0172711 9.55978
2.81227 -0.609066 -0.92927 2.7573 -0.6363 0.285511 -0.383225 0.0252787 9.65987
2.82579 -0.627128 -0.927309 2.7573 -0.6363 0.135037 -0.180457 0.0195899 9.75996
2.8429 -0.649866 -0.923009 2.7573 -0.6363 0.170947 -0.22719 0.0429696 9.86005
2.85825 -0.670011 -0.913788 2.86335 -0.74235 0.153369 -0.20128 0.0921241 9.96013
2.87945 -0.696646 -0.879478 2.86335 -0.74235 0.211829 -0.26611 0.34279 10.0602
2.90417 -0.72483 -0.817403 2.86335 -0.74235 0.246988 -0.281573 0.620155 10.1603
2.92813 -0.74851 -0.73861 2.86335 -0.74235 0.239344 -0.236576 0.78719 10.2604
2.96114 -0.775428 -0.62649 2.9694 -0.8484 0.329815 -0.268921 1.12013 10.3605
2.97542 -0.785092 -0.562975 2.9694 -0.8484 0.142686 -0.0965496 0.634571 10.4606
2.99245 -0.795053 -0.497145 2.9694 -0.8484 0.170088 -0.0995217 0.65769 10.5607
3.01134 -0.804498 -0.429831 2.9694 -0.8484 0.188595 -0.094272 0.671877 10.6609
3.03207 -0.813144 -0.361658 2.9694 -0.8484 0.207047 -0.0863856 0.681117 10.761
3.05203 -0.819992 -0.299005 2.9694 -0.8484 0.19946 -0.0684107 0.625922 10.8611
3.07447 -0.826074 -0.230249 2.9694 -0.8484 0.224227 -0.0607645 0.686967 10.9612
3.1007 -0.831265 -0.163305 3.1815 -0.8484 0.262048 -0.0518638 0.668854 11.0612
3.13164 -0.835086 -0.0818274 3.1815 -0.8484 0.309122 -0.0381761 0.814064 11.1613
3.15939 -0.836419 -0.0157011 3.1815 -0.8484 0.277278 -0.0133233 0.660665 11.2614
3.20115 -0.835061 0.0805052 3.1815 -0.8484 0.416853 0.013555 0.960398 11.3616
3.24128 -0.829944 0.173836 3.1815 -0.8484 0.400108 0.0510209 0.93059 11.4619
3.26429 -0.825132 0.238594 3.28755 -0.74235 0.22987 0.0480684 0.64688 11.562
3.29662 -0.816089 0.303434 3.28755 -0.74235 0.323034 0.0903443 0.6478 11.6621
3.33618 -0.802059 0.381296 3.28755 -0.74235 0.395239 0.140186 0.777945 11.7622
3.36908 -0.787414 0.455411 3.28755 -0.74235 0.328659 0.146322 0.740514 11.8623
3.39098 -0.77598 0.505109 3.28755 -0.74235 0.218849 0.114247 0.496559 11.9623
3.41084 -0.764506 0.542011 3.28755 -0.74235 0.198394 0.114636 0.368707 12.0624
3.43299 -0.750533 0.581778 3.3936 -0.6363 0.221366 0.139609 0.397324 12.1625
3.47376 -0.721646 0.651024 3.3936 -0.6363 0.40731 0.288574 0.691759 12.2626
3.51626 -0.686803 0.719724 3.3936 -0.6363 0.424493 0.348094 0.686318 12.3627
3.55233 -0.653402 0.774212 3.49965 -0.53025 0.360466 0.333711 0.544398 12.4628
3.60023 -0.60308 0.844162 3.49965 -0.53025 0.478507 0.502753 0.698856 12.5629
3.63374 -0.563543 0.890213 3.49965 -0.53025 0.33471 0.394961 0.460023 12.663
3.66056 -0.529461 0.915472 3.6057 -0.4242 0.268036 0.340536 0.252385 12.7631
3.69667 -0.481299 0.93585 3.6057 -0.4242 0.360817 0.481204 0.203602 12.8632
3.71788 -0.45238 0.939698 3.6057 -0.4242 0.2119 0.288938 0.0384486 12.9633
3.73421 -0.429984 0.942459 3.71175 -0.31815 0.163102 0.223751 0.0275866 13.0633
3.76133 -0.392261 0.951009 3.71175 -0.31815 0.270778 0.376558 0.0853432 13.1635
3.79025 -0.351492 0.95601 3.71175 -0.31815 0.288906 0.407304 0.0499622 13.2636
3.82005 -0.308992 0.96319 3.8178 -0.2121 0.297094 0.423728 0.0715911 13.3639
